M D21S1432
F 0.0013 0.0284 0.1600 0.0054 0.4541 0.0068 0.0013 0.2194 0.0054 0.0975 0.0082 0.0081 0.0013 0.0027
M D21S1437
F 0.0039 0.0229 0.1046 0.1093 0.0635 0.3425 0.1959 0.1102 0.0433 0.0039 0.0001
M D21S2052
F 0.0064 0.0283 0.0404 0.0951 0.1760 0.3168 0.2009 0.0709 0.0390 0.0218 0.0026 0.0013 0.0001 0.0001 0.0001 0.0001 0.0001 0.0001
M D21S1440
F 0.0013 0.3864 0.1605 0.3300 0.0921 0.0091 0.0052 0.0142 0.0013
M D21S266
F 0.2590 0.0626 0.5102 0.0117 0.0059 0.0039 0.0097 0.0118 0.0588 0.0509 0.0117 0.0019 0.0019
M D21S1446
F 0.0091 0.0026 0.4250 0.0521 0.0195 0.0842 0.0793 0.0366 0.2603 0.0311 0.0001
