======================================================================
LEVEL 0 MODEL
======================================================================
5 GF=0.001 0.01 0.1 0.3 0.5 
21 Theta[0]=  0 0.01 0.02 0.03 0.04 0.05 0.06 0.07 0.08 0.09 0.1 0.12 0.14 0.16 0.18 0.2 0.25 0.3 0.35 0.4 0.45 
11 Penetrances
  Penet[0][0]=  0 0.1 0.2 0.3 0.4 0.5 0.6 0.7 0.8 0.9   1 
  Penet[0][1]=  0 0.1 0.2 0.3 0.4 0.5 0.6 0.7 0.8 0.9   1 
  Penet[0][2]=  0 0.1 0.2 0.3 0.4 0.5 0.6 0.7 0.8 0.9   1 
======================================================================
CONSTRAINTS:
======================================================================
C constraints:
 DD >= Dd 
 Dd >= dd 
 DD != Dd |
 Dd != dd 
======================================================================
LEVEL 1 MODEL
======================================================================
5 GF=0.001 0.01 0.1 0.3 0.5 
21 Thetas
  Theta[0]=  0 0.01 0.02 0.03 0.04 0.05 0.06 0.07 0.08 0.09 0.1 0.12 0.14 0.16 0.18 0.2 0.25 0.3 0.35 0.4 0.45 
275 Penetrances
  Penet[0][0]=0.1 0.2 0.3 0.4 0.5 0.6 0.7 0.8 0.9   1 0.1 0.2 0.3 0.4 0.5 0.6 0.7 0.8 0.9   1 0.2 0.3 0.4 0.5 0.6 0.7 0.8 0.9   1 0.3 0.4 0.5 0.6 0.7 0.8 0.9   1 0.4 0.5 0.6 0.7 0.8 0.9   1 0.5 0.6 0.7 0.8 0.9   1 0.6 0.7 0.8 0.9   1 0.7 0.8 0.9   1 0.8 0.9   1 0.9   1   1 0.2 0.3 0.4 0.5 0.6 0.7 0.8 0.9   1 0.2 0.3 0.4 0.5 0.6 0.7 0.8 0.9   1 0.3 0.4 0.5 0.6 0.7 0.8 0.9   1 0.4 0.5 0.6 0.7 0.8 0.9   1 0.5 0.6 0.7 0.8 0.9   1 0.6 0.7 0.8 0.9   1 0.7 0.8 0.9   1 0.8 0.9   1 0.9   1   1 0.3 0.4 0.5 0.6 0.7 0.8 0.9   1 0.3 0.4 0.5 0.6 0.7 0.8 0.9   1 0.4 0.5 0.6 0.7 0.8 0.9   1 0.5 0.6 0.7 0.8 0.9   1 0.6 0.7 0.8 0.9   1 0.7 0.8 0.9   1 0.8 0.9   1 0.9   1   1 0.4 0.5 0.6 0.7 0.8 0.9   1 0.4 0.5 0.6 0.7 0.8 0.9   1 0.5 0.6 0.7 0.8 0.9   1 0.6 0.7 0.8 0.9   1 0.7 0.8 0.9   1 0.8 0.9   1 0.9   1   1 0.5 0.6 0.7 0.8 0.9   1 0.5 0.6 0.7 0.8 0.9   1 0.6 0.7 0.8 0.9   1 0.7 0.8 0.9   1 0.8 0.9   1 0.9   1   1 0.6 0.7 0.8 0.9   1 0.6 0.7 0.8 0.9   1 0.7 0.8 0.9   1 0.8 0.9   1 0.9   1   1 0.7 0.8 0.9   1 0.7 0.8 0.9   1 0.8 0.9   1 0.9   1   1 0.8 0.9   1 0.8 0.9   1 0.9   1   1 0.9   1 0.9   1   1   1   1 
  Penet[0][1]=  0   0   0   0   0   0   0   0   0   0 0.1 0.1 0.1 0.1 0.1 0.1 0.1 0.1 0.1 0.1 0.2 0.2 0.2 0.2 0.2 0.2 0.2 0.2 0.2 0.3 0.3 0.3 0.3 0.3 0.3 0.3 0.3 0.4 0.4 0.4 0.4 0.4 0.4 0.4 0.5 0.5 0.5 0.5 0.5 0.5 0.6 0.6 0.6 0.6 0.6 0.7 0.7 0.7 0.7 0.8 0.8 0.8 0.9 0.9   1 0.1 0.1 0.1 0.1 0.1 0.1 0.1 0.1 0.1 0.2 0.2 0.2 0.2 0.2 0.2 0.2 0.2 0.2 0.3 0.3 0.3 0.3 0.3 0.3 0.3 0.3 0.4 0.4 0.4 0.4 0.4 0.4 0.4 0.5 0.5 0.5 0.5 0.5 0.5 0.6 0.6 0.6 0.6 0.6 0.7 0.7 0.7 0.7 0.8 0.8 0.8 0.9 0.9   1 0.2 0.2 0.2 0.2 0.2 0.2 0.2 0.2 0.3 0.3 0.3 0.3 0.3 0.3 0.3 0.3 0.4 0.4 0.4 0.4 0.4 0.4 0.4 0.5 0.5 0.5 0.5 0.5 0.5 0.6 0.6 0.6 0.6 0.6 0.7 0.7 0.7 0.7 0.8 0.8 0.8 0.9 0.9   1 0.3 0.3 0.3 0.3 0.3 0.3 0.3 0.4 0.4 0.4 0.4 0.4 0.4 0.4 0.5 0.5 0.5 0.5 0.5 0.5 0.6 0.6 0.6 0.6 0.6 0.7 0.7 0.7 0.7 0.8 0.8 0.8 0.9 0.9   1 0.4 0.4 0.4 0.4 0.4 0.4 0.5 0.5 0.5 0.5 0.5 0.5 0.6 0.6 0.6 0.6 0.6 0.7 0.7 0.7 0.7 0.8 0.8 0.8 0.9 0.9   1 0.5 0.5 0.5 0.5 0.5 0.6 0.6 0.6 0.6 0.6 0.7 0.7 0.7 0.7 0.8 0.8 0.8 0.9 0.9   1 0.6 0.6 0.6 0.6 0.7 0.7 0.7 0.7 0.8 0.8 0.8 0.9 0.9   1 0.7 0.7 0.7 0.8 0.8 0.8 0.9 0.9   1 0.8 0.8 0.9 0.9   1 0.9   1 
  Penet[0][2]=  0   0   0   0   0   0   0   0   0   0   0   0   0   0   0   0   0   0   0   0   0   0   0   0   0   0   0   0   0   0   0   0   0   0   0   0   0   0   0   0   0   0   0   0   0   0   0   0   0   0   0   0   0   0   0   0   0   0   0   0   0   0   0   0   0 0.1 0.1 0.1 0.1 0.1 0.1 0.1 0.1 0.1 0.1 0.1 0.1 0.1 0.1 0.1 0.1 0.1 0.1 0.1 0.1 0.1 0.1 0.1 0.1 0.1 0.1 0.1 0.1 0.1 0.1 0.1 0.1 0.1 0.1 0.1 0.1 0.1 0.1 0.1 0.1 0.1 0.1 0.1 0.1 0.1 0.1 0.1 0.1 0.1 0.1 0.1 0.1 0.1 0.1 0.2 0.2 0.2 0.2 0.2 0.2 0.2 0.2 0.2 0.2 0.2 0.2 0.2 0.2 0.2 0.2 0.2 0.2 0.2 0.2 0.2 0.2 0.2 0.2 0.2 0.2 0.2 0.2 0.2 0.2 0.2 0.2 0.2 0.2 0.2 0.2 0.2 0.2 0.2 0.2 0.2 0.2 0.2 0.2 0.3 0.3 0.3 0.3 0.3 0.3 0.3 0.3 0.3 0.3 0.3 0.3 0.3 0.3 0.3 0.3 0.3 0.3 0.3 0.3 0.3 0.3 0.3 0.3 0.3 0.3 0.3 0.3 0.3 0.3 0.3 0.3 0.3 0.3 0.3 0.4 0.4 0.4 0.4 0.4 0.4 0.4 0.4 model: 0
0.4 0.4 0.4 0.4 0.4 0.4 0.4 0.4 0.4 0.4 0.4 0.4 0.4 0.4 0.4 0.4 0.4 0.4 0.4 0.5 0.5 0.5 0.5 0.5 0.5 0.5 0.5 0.5 0.5 0.5 0.5 0.5 0.5 0.5 0.5 0.5 0.5 0.5 0.5 0.6 0.6 0.6 0.6 0.6 0.6 0.6 0.6 0.6 0.6 0.6 0.6 0.6 0.6 0.7 0.7 0.7 0.7 0.7 0.7 0.7 0.7 0.7 0.8 0.8 0.8 0.8 0.8 0.9 0.9 
======================================================================
LEVEL 2 MODEL
======================================================================
5 GF=0.001 0.01 0.1 0.3 0.5 
21 Thetas
  Theta[0]=  0 0.01 0.02 0.03 0.04 0.05 0.06 0.07 0.08 0.09 0.1 0.12 0.14 0.16 0.18 0.2 0.25 0.3 0.35 0.4 0.45 
275 Penetrances
  Penet[0][0]=0.1 0.2 0.3 0.4 0.5 0.6 0.7 0.8 0.9   1 0.1 0.2 0.3 0.4 0.5 0.6 0.7 0.8 0.9   1 0.2 0.3 0.4 0.5 0.6 0.7 0.8 0.9   1 0.3 0.4 0.5 0.6 0.7 0.8 0.9   1 0.4 0.5 0.6 0.7 0.8 0.9   1 0.5 0.6 0.7 0.8 0.9   1 0.6 0.7 0.8 0.9   1 0.7 0.8 0.9   1 0.8 0.9   1 0.9   1   1 0.2 0.3 0.4 0.5 0.6 0.7 0.8 0.9   1 0.2 0.3 0.4 0.5 0.6 0.7 0.8 0.9   1 0.3 0.4 0.5 0.6 0.7 0.8 0.9   1 0.4 0.5 0.6 0.7 0.8 0.9   1 0.5 0.6 0.7 0.8 0.9   1 0.6 0.7 0.8 0.9   1 0.7 0.8 0.9   1 0.8 0.9   1 0.9   1   1 0.3 0.4 0.5 0.6 0.7 0.8 0.9   1 0.3 0.4 0.5 0.6 0.7 0.8 0.9   1 0.4 0.5 0.6 0.7 0.8 0.9   1 0.5 0.6 0.7 0.8 0.9   1 0.6 0.7 0.8 0.9   1 0.7 0.8 0.9   1 0.8 0.9   1 0.9   1   1 0.4 0.5 0.6 0.7 0.8 0.9   1 0.4 0.5 0.6 0.7 0.8 0.9   1 0.5 0.6 0.7 0.8 0.9   1 0.6 0.7 0.8 0.9   1 0.7 0.8 0.9   1 0.8 0.9   1 0.9   1   1 0.5 0.6 0.7 0.8 0.9   1 0.5 0.6 0.7 0.8 0.9   1 0.6 0.7 0.8 0.9   1 0.7 0.8 0.9   1 0.8 0.9   1 0.9   1   1 0.6 0.7 0.8 0.9   1 0.6 0.7 0.8 0.9   1 0.7 0.8 0.9   1 0.8 0.9   1 0.9   1   1 0.7 0.8 0.9   1 0.7 0.8 0.9   1 0.8 0.9   1 0.9   1   1 0.8 0.9   1 0.8 0.9   1 0.9   1   1 0.9   1 0.9   1   1   1   1 
  Penet[0][1]=  0   0   0   0   0   0   0   0   0   0 0.1 0.1 0.1 0.1 0.1 0.1 0.1 0.1 0.1 0.1 0.2 0.2 0.2 0.2 0.2 0.2 0.2 0.2 0.2 0.3 0.3 0.3 0.3 0.3 0.3 0.3 0.3 0.4 0.4 0.4 0.4 0.4 0.4 0.4 0.5 0.5 0.5 0.5 0.5 0.5 0.6 0.6 0.6 0.6 0.6 0.7 0.7 0.7 0.7 0.8 0.8 0.8 0.9 0.9   1 0.1 0.1 0.1 0.1 0.1 0.1 0.1 0.1 0.1 0.2 0.2 0.2 0.2 0.2 0.2 0.2 0.2 0.2 0.3 0.3 0.3 0.3 0.3 0.3 0.3 0.3 0.4 0.4 0.4 0.4 0.4 0.4 0.4 0.5 0.5 0.5 0.5 0.5 0.5 0.6 0.6 0.6 0.6 0.6 0.7 0.7 0.7 0.7 0.8 0.8 0.8 0.9 0.9   1 0.2 0.2 0.2 0.2 0.2 0.2 0.2 0.2 0.3 0.3 0.3 0.3 0.3 0.3 0.3 0.3 0.4 0.4 0.4 0.4 0.4 0.4 0.4 0.5 0.5 0.5 0.5 0.5 0.5 0.6 0.6 0.6 0.6 0.6 0.7 0.7 0.7 0.7 0.8 0.8 0.8 0.9 0.9   1 0.3 0.3 0.3 0.3 0.3 0.3 0.3 0.4 0.4 0.4 0.4 0.4 0.4 0.4 0.5 0.5 0.5 0.5 0.5 0.5 0.6 0.6 0.6 0.6 0.6 0.7 0.7 0.7 0.7 0.8 0.8 0.8 0.9 0.9   1 0.4 0.4 0.4 0.4 0.4 0.4 0.5 0.5 0.5 0.5 0.5 0.5 0.6 0.6 0.6 0.6 0.6 0.7 0.7 0.7 0.7 0.8 0.8 0.8 0.9 0.9   1 0.5 0.5 0.5 0.5 0.5 0.6 0.6 0.6 0.6 0.6 0.7 0.7 0.7 0.7 0.8 0.8 0.8 0.9 0.9   1 0.6 0.6 0.6 0.6 0.7 0.7 0.7 0.7 0.8 0.8 0.8 0.9 0.9   1 0.7 0.7 0.7 0.8 0.8 0.8 0.9 0.9   1 0.8 0.8 0.9 0.9   1 0.9   1 
  Penet[0][2]=  0   0   0   0   0   0   0   0   0   0   0   0   0   0   0   0   0   0   0   0   0   0   0   0   0   0   0   0   0   0   0   0   0   0   0   0   0   0   0   0   0   0   0   0   0   0   0   0   0   0   0   0   0   0   0   0   0   0   0   0   0   0   0   0   0 0.1 0.1 0.1 0.1 0.1 0.1 0.1 0.1 0.1 0.1 0.1 0.1 0.1 0.1 0.1 0.1 0.1 0.1 0.1 0.1 0.1 0.1 0.1 0.1 0.1 0.1 0.1 0.1 0.1 0.1 0.1 0.1 0.1 0.1 0.1 0.1 0.1 0.1 0.1 0.1 0.1 0.1 0.1 0.1 0.1 0.1 0.1 0.1 0.1 0.1 0.1 0.1 0.1 0.1 0.2 0.2 0.2 0.2 0.2 0.2 0.2 0.2 0.2 0.2 0.2 0.2 0.2 0.2 0.2 0.2 0.2 0.2 0.2 0.2 0.2 0.2 0.2 0.2 0.2 0.2 0.2 0.2 0.2 0.2 0.2 0.2 0.2 0.2 0.2 0.2 0.2 0.2 0.2 0.2 0.2 0.2 0.2 0.2 0.3 0.3 0.3 0.3 0.3 0.3 0.3 0.3 0.3 0.3 0.3 0.3 0.3 0.3 0.3 0.3 0.3 0.3 0.3 0.3 0.3 0.3 0.3 0.3 0.3 0.3 0.3 0.3 0.3 0.3 0.3 0.3 0.3 0.3 0.3 0.4 0.4 0.4 0.4 0.4 0.4 0.4 0.4 0.4 0.4 0.4 0.4 0.4 0.4 0.4 0.4 0.4 0.4 0.4 0.4 0.4 0.4 0.4 0.4 0.4 0.4 0.4 0.5 0.5 0.5 0.5 0.5 0.5 0.5 0.5 0.5 0.5 0.5 0.5 0.5 0.5 0.5 0.5 0.5 0.5 0.5 0.5 0.6 0.6 0.6 0.6 0.6 0.6 0.6 0.6 0.6 0.6 0.6 0.6 0.6 0.6 0.7 0.7 0.7 0.7 0.7 0.7 0.7 0.7 0.7 0.8 0.8 0.8 0.8 0.8 0.9 0.9 
Total number of markers in data: 1
Total number of trait locus in data: 1
LE
#0  "Average Homo LR" 
	 (0.000000,0.000000)  0.961414(1375)
	 (0.010000,0.010000)  0.964988(1375)
	 (0.020000,0.020000)  0.968327(1375)
	 (0.030000,0.030000)  0.971439(1375)
	 (0.040000,0.040000)  0.974335(1375)
	 (0.050000,0.050000)  0.977025(1375)
	 (0.060000,0.060000)  0.979518(1375)
	 (0.070000,0.070000)  0.981824(1375)
	 (0.080000,0.080000)  0.983950(1375)
	 (0.090000,0.090000)  0.985906(1375)
	 (0.100000,0.100000)  0.987701(1375)
	 (0.120000,0.120000)  0.990839(1375)
	 (0.140000,0.140000)  0.993429(1375)
	 (0.160000,0.160000)  0.995532(1375)
	 (0.180000,0.180000)  0.997206(1375)
	 (0.200000,0.200000)  0.998505(1375)
	 (0.250000,0.250000)  1.000441(1375)
	 (0.300000,0.300000)  1.001057(1375)
	 (0.350000,0.350000)  1.000934(1375)
	 (0.400000,0.400000)  1.000523(1375)
	 (0.450000,0.450000)  1.000147(1375)
-	Total 1234(1234)
#1 "Average Het LR" 
	 (0.000000,0.000000)  0.988687(27500)
	 (0.010000,0.010000)  0.989869(27500)
	 (0.020000,0.020000)  0.990968(27500)
	 (0.030000,0.030000)  0.991989(27500)
	 (0.040000,0.040000)  0.992934(27500)
	 (0.050000,0.050000)  0.993807(27500)
	 (0.060000,0.060000)  0.994611(27500)
	 (0.070000,0.070000)  0.995350(27500)
	 (0.080000,0.080000)  0.996027(27500)
	 (0.090000,0.090000)  0.996645(27500)
	 (0.100000,0.100000)  0.997207(27500)
	 (0.120000,0.120000)  0.998175(27500)
	 (0.140000,0.140000)  0.998954(27500)
	 (0.160000,0.160000)  0.999567(27500)
	 (0.180000,0.180000)  1.000034(27500)
	 (0.200000,0.200000)  1.000374(27500)
	 (0.250000,0.250000)  1.000791(27500)
	 (0.300000,0.300000)  1.000784(27500)
	 (0.350000,0.350000)  1.000563(27500)
	 (0.400000,0.400000)  1.000289(27500)
	 (0.450000,0.450000)  1.000078(27500)
-	Total 1234(1234)
#2 Max Het LR 
MOD:   0.194768
