30, 5013336, 426538
60, 11853424, 533349
90, 17861672, 590888
120, 23574564, 637227
151, 28678216, 687426
181, 33537856, 728639
211, 38360500, 749620
242, 43130272, 793504
272, 47811208, 830231
302, 52475688, 855455
333, 57088716, 895201
363, 61716620, 911172
393, 66236100, 928674
424, 70777344, 946489
454, 75309288, 957297
485, 79868828, 968171
515, 84357804, 991862
545, 88282704, 1026171
576, 92823196, 1051738
606, 97343556, 1071712
637, 101868764, 1105816
667, 106448672, 1134827
698, 110931128, 1152798
728, 115385296, 1186104
759, 119786088, 1205528
789, 124204456, 1219245
820, 128632680, 1234924
850, 133030200, 1252015
881, 137398984, 1262637
911, 141741036, 1269957
942, 146084948, 1277280
972, 150448432, 1284636
1003, 154811824, 1307689
1033, 159168572, 1334087
1064, 163340288, 1364116
1094, 167439136, 1379082
1125, 171552464, 1391024
1155, 175597984, 1415139
1186, 179489764, 1435274
1217, 184593364, 1650066
1247, 190651472, 1733837
1278, 196133048, 1789382
1308, 201472076, 1822403
1339, 205175048, 1856969
1370, 209756224, 1901794
1400, 214533712, 1931709
1431, 219212632, 1949900
1461, 223804624, 1987348
1492, 228305344, 2019687
1523, 232799024, 2037650
1553, 237250764, 2069694
1584, 241689944, 2082552
1615, 246104224, 2099438
1645, 250517728, 2116704
1676, 254917148, 2127196
1707, 259307768, 2137667
1737, 263702072, 2155616
1768, 268108600, 2184455
1799, 272520668, 2206188
1830, 276933524, 2224118
1860, 281314148, 2249916
1891, 285645652, 2276929
1922, 289946236, 2294166
1952, 294204168, 2319604
1983, 298398092, 2337132
2014, 302546124, 2347092
2045, 306706340, 2362680
2075, 310851092, 2377946
2106, 315000832, 2391386
2137, 319150204, 2398381
2168, 323301868, 2405380
2199, 327421584, 2412325
2229, 331575172, 2421342
2260, 335655536, 2441814
2291, 339686812, 2466262
2322, 343546072, 2488142
2352, 347279328, 2499682
2383, 351034440, 2511030
2414, 354761020, 2526767
2445, 358371004, 2544720
2476, 359819256, 2573160
2506, 365038212, 2756495
2537, 370973848, 2833076
2568, 376138160, 2891158
2599, 381068940, 2925840
2630, 385849060, 2952899
2661, 390450244, 2987746
2692, 394884884, 3024951
2722, 399301944, 3048611
2753, 403722984, 3065873
2784, 408125212, 3095312
2815, 412514248, 3120180
2846, 416870468, 3150423
2877, 421251860, 3169490
2908, 425569880, 3187366
2939, 429879732, 3208705
2970, 434180116, 3224026
3001, 438479944, 3236147
3031, 442791732, 3252003
3062, 447091048, 3260732
3093, 451397184, 3269475
3124, 455690936, 3278560
3155, 459969256, 3302314
3186, 464229432, 3327535
3217, 468454468, 3345426
3248, 472666292, 3359847
3279, 476871448, 3369651
3310, 478522600, 3379226
3341, 481737028, 3399465
3372, 485781720, 3416431
3403, 489780920, 3435777
3434, 493645244, 3444792
3465, 497441440, 3467551
3496, 501164800, 3474498
3527, 504897652, 3483669
3558, 508643272, 3495470
3589, 512371252, 3504254
3620, 516095496, 3515627
3651, 519790476, 3524440
3682, 523501444, 3529836
3713, 527195144, 3535207
3744, 530901300, 3540596
3775, 534599124, 3545973
3806, 538269072, 3553664
3837, 541829120, 3570279
3868, 545239812, 3585466
3899, 548519768, 3604455
3930, 551696556, 3618734
3961, 554761872, 3627698
3992, 557826464, 3635639
4023, 560810500, 3645179
4054, 563714596, 3650233
4085, 566649672, 3655339
4116, 569529464, 3672039
4148, 573638464, 3822680
4179, 579450236, 3900778
4210, 584840292, 3963825
4241, 589765452, 3999578
4272, 594498196, 4022363
4303, 599115564, 4055758
4334, 603572140, 4086859
4365, 607979704, 4111527
4397, 612419668, 4131268
4428, 613435404, 4134144
4459, 616868336, 4147789
4490, 621324900, 4177589
4522, 625704188, 4200236
4553, 630033744, 4221205
4584, 634327588, 4239309
4615, 638612152, 4260489
4646, 642913108, 4272494
4677, 647195788, 4287419
4708, 651470072, 4301668
4740, 655759408, 4311717
4771, 660051008, 4320427
4802, 664316412, 4329084
4833, 668547576, 4344537
4865, 672775532, 4364383
4896, 676949000, 4385769
4927, 681098364, 4398024
4958, 685219268, 4409015
4989, 689309608, 4425807
5021, 693246948, 4446112
5052, 697108272, 4458663
5083, 700901288, 4473546
5114, 704571460, 4484678
5146, 708228620, 4503339
5177, 711726692, 4508630
5208, 715234032, 4516563
5240, 718750820, 4526823
5271, 722254852, 4535644
5302, 725761704, 4544421
5333, 729256432, 4554876
5365, 732765480, 4559977
5396, 736271704, 4565074
5427, 739771816, 4570162
5458, 743268408, 4575245
5490, 746763700, 4580326
5521, 750169968, 4593177
5552, 753486736, 4607931
5584, 756705008, 4617985
5615, 759821496, 4632946
5646, 762808164, 4645754
5678, 765731556, 4653061
5709, 768650344, 4660391
5740, 771494796, 4666808
5772, 774294024, 4672961
5803, 777052528, 4678295
5834, 779776108, 4690315
5866, 781686256, 4779877
5897, 782689348, 4809291
5929, 788308264, 4923771
5960, 794073068, 4995803
5991, 799171228, 5038078
6023, 804344700, 5065012
6054, 809126780, 5111513
6086, 813706448, 5145292
6117, 818208284, 5167201
6148, 822731712, 5182115
6180, 827207396, 5206455
6211, 831601400, 5243119
6243, 836023616, 5266313
6274, 840401960, 5289443
6305, 844752532, 5303563
6337, 849114392, 5318077
6368, 853469104, 5335865
6400, 857871416, 5347650
6431, 862276144, 5357348
6463, 866632276, 5366939
6494, 871006404, 5380372
6526, 875375836, 5396078
6557, 879734920, 5414113
6589, 884063092, 5440522
6620, 888333584, 5468959
6652, 892558324, 5495867
6683, 896752556, 5510373
6715, 900934640, 5522366
6746, 905069456, 5537896
6778, 905740168, 5539882
6810, 907396892, 5548156
6841, 911402784, 5554622
6873, 915423540, 5564193
6904, 919469616, 5575495
6936, 923492496, 5586715
6968, 927535804, 5596273
6999, 931561736, 5602699
7031, 935601368, 5609147
7062, 939599728, 5615529
7094, 943590656, 5622402
7125, 947534080, 5632082
7157, 951422372, 5643709
7188, 955293000, 5651662
7220, 959068528, 5666844
7251, 962719496, 5679469
7283, 966246060, 5698413
7315, 969682724, 5712014
7346, 972975372, 5741010
7378, 977915672, 5921278
7409, 983632476, 5979603
7441, 988821804, 6042225
7473, 993780612, 6072267
7504, 998534532, 6099420
7536, 1003046020, 6139709
7568, 1007442532, 6163165
7599, 1011857308, 6183151
7631, 1016238460, 6198849
7663, 1020563152, 6225075
7694, 1024825272, 6256321
7726, 1025151112, 6257969
7758, 1026708476, 6263606
7790, 1030906096, 6282808
7822, 1035100132, 6304910
7853, 1039340696, 6316513
7885, 1043581656, 6333330
7917, 1047787708, 6350400
7949, 1052030200, 6359744
7980, 1056237276, 6369010
8012, 1060464788, 6378321
8044, 1064654740, 6392561
8075, 1068859588, 6406358
8107, 1073074344, 6424110
8139, 1077191744, 6448714
8171, 1081258260, 6476126
8202, 1085235964, 6496617
8234, 1089152712, 6506748
8266, 1093087880, 6517887
8298, 1096951936, 6532393
8329, 1100704008, 6543628
8361, 1104444048, 6550271
8393, 1108207704, 6559887
8425, 1111950764, 6570000
8456, 1115698968, 6581110
8488, 1119433492, 6588943
8520, 1123164664, 6594900
8551, 1126898968, 6600862
8583, 1130614404, 6606794
8615, 1134389420, 6612821
8647, 1138029904, 6621102
8678, 1141600360, 6630218
8710, 1145158544, 6639797
8742, 1148724544, 6649360
8774, 1152163328, 6660870
8805, 1155456120, 6674806
8837, 1158617980, 6687482
8869, 1161763480, 6699484
8901, 1164795660, 6717322
8933, 1167517836, 6835776
8965, 1167517836, 6835776
8997, 1171298336, 6896939
9029, 1176920904, 6952519
9061, 1181925992, 6996831
9092, 1186777412, 7021839
9124, 1191456860, 7045784
9156, 1195895292, 7079149
9188, 1200236384, 7101470
9220, 1204548060, 7120380
9252, 1208899028, 7133820
9284, 1213194292, 7154635
9316, 1217407844, 7180567
9348, 1221598516, 7193881
9380, 1225802664, 7209072
9412, 1229991200, 7229095
9443, 1234197304, 7238018
