30, 6732628, 463643
60, 13304620, 849348
90, 19947080, 1145478
121, 23684184, 1448322
151, 23684184, 1690452
181, 23684184, 2140471
211, 23684184, 2362777
242, 28014088, 2639647
272, 31345408, 2785018
302, 31345408, 3217577
333, 31345408, 3567469
363, 31345408, 3946017
393, 31345408, 4163255
423, 31345408, 4268271
454, 32879828, 4372551
484, 38351056, 4473885
515, 38331812, 4710773
545, 38331812, 4863583
575, 38331812, 5033949
606, 38331812, 5214742
636, 38331812, 5341900
666, 38331812, 5508388
697, 38331812, 5675779
727, 38331812, 5823772
758, 38331812, 5961313
788, 38331812, 6108917
818, 41549908, 6292787
849, 46973420, 6487134
879, 52808520, 6701313
910, 58583124, 6907074
940, 64327836, 7110759
971, 70059684, 7311644
1001, 75793500, 7514010
1032, 80653636, 7681592
1062, 86485688, 7884489
1093, 92347428, 8096399
1123, 98210660, 8330965
1154, 104093948, 8555651
1184, 108868552, 8742622
1215, 113823448, 8888711
1245, 119867028, 9138444
1276, 125959848, 9368469
1307, 132080920, 9590385
1337, 138149444, 9806699
1368, 141411464, 9898527
1399, 147259704, 10100473
1429, 153122572, 10310446
1460, 159028692, 10511572
1491, 164837640, 10730927
1522, 170627752, 10944860
1552, 172338268, 11007397
1583, 177933012, 11202138
1614, 183678916, 11338892
1644, 189401832, 11419864
1675, 195055176, 11495041
1706, 200699424, 11568442
1737, 202081676, 11586376
1768, 207591484, 11658685
1799, 213466744, 11734775
1830, 216817752, 11777539
1860, 222377684, 11848689
1891, 228235852, 11925102
1922, 232492464, 11977583
1953, 237471508, 12038302
1984, 243442588, 12113131
2015, 249247300, 12192118
2046, 254721020, 12260714
2077, 260243184, 12332371
2108, 262742684, 12376991
2139, 265998888, 12412659
2170, 271612092, 12484843
2201, 276086124, 12543494
2231, 280214620, 12604341
2262, 284248972, 12653647
2293, 288329192, 12696985
2324, 292466964, 12758795
2355, 294530156, 12781145
2386, 296206640, 12807417
2417, 301417532, 12874100
2448, 306781260, 12942495
2479, 312255316, 13011966
2510, 317682980, 13081220
2541, 322730980, 13142099
2572, 324990056, 13178785
2604, 326524736, 13196851
2635, 330894720, 13255286
2666, 335588388, 13313577
2697, 340292532, 13372607
2728, 345657720, 13442003
2759, 351028244, 13509933
2790, 356373740, 13572521
2821, 356541376, 13577956
2852, 359109940, 13619780
2883, 362195472, 13645976
2915, 362195472, 13645976
2946, 362195472, 13645976
2977, 362195472, 13645976
3009, 362195472, 13645976
3040, 362076800, 13646342
3071, 362076800, 13646356
3102, 362076800, 13646365
3133, 362076800, 13646370
3165, 362076800, 13646374
3196, 362076800, 13646376
3227, 362076800, 13646379
3258, 362076800, 13646381
3289, 362076800, 13646383
3320, 362076800, 13646384
3351, 362076800, 13646385
3383, 362076800, 13646385
3414, 362076800, 13646386
3445, 362076800, 13646388
3476, 362076800, 13646390
3507, 362076800, 13646392
3538, 362076800, 13646394
3569, 362076800, 13646403
3601, 362076800, 13646519
3632, 362076800, 13646552
3663, 362076800, 13646567
3694, 362076800, 13646573
3725, 362076800, 13646576
3756, 362076800, 13646577
3787, 362076800, 13646578
3818, 362076800, 13646579
3850, 362076808, 13715293
3881, 362075680, 13715293
3912, 362075680, 13966612
3943, 362075680, 14101503
3974, 362075680, 14145051
4006, 362075680, 14175689
4037, 362075680, 14207841
4068, 362075680, 14241537
4099, 362075680, 14278525
4130, 362075680, 14295536
4161, 362075680, 14310954
4193, 362075680, 14326198
4224, 362075680, 14341540
4255, 362075680, 14366873
4286, 362075680, 14420071
4317, 362075680, 14450741
4348, 362075680, 14510008
4379, 362075680, 14550342
4410, 362075680, 14590100
4441, 362075680, 14608000
4473, 362075680, 14625358
4504, 362075680, 14640690
4535, 362075680, 14653910
4566, 362075680, 14680503
4597, 362075680, 14716688
4628, 362075680, 14745965
4659, 362075680, 14774597
4690, 362075680, 14891612
4721, 362075680, 14991125
4752, 362075680, 15041045
4784, 362075680, 15059182
4815, 362075680, 15093117
4846, 362075680, 15119126
4877, 362075680, 15152661
4908, 362075680, 15184384
4939, 362075680, 15198361
4970, 362075680, 15212413
5001, 362075680, 15226431
5032, 362075680, 15240370
5063, 362075680, 15254306
5094, 362075680, 15299882
5125, 362075680, 15324020
5156, 362075680, 15365815
5188, 362075680, 15404757
5219, 362075680, 15437927
5250, 362075680, 15462945
5281, 362075680, 15480345
5312, 362075680, 15496520
5343, 362075680, 15510075
5374, 362075680, 15523099
5405, 362075680, 15551591
5436, 362075680, 15576801
5467, 362075680, 15605513
5498, 362075680, 15628025
5529, 362075680, 15742695
5560, 362075680, 15840056
5592, 362075680, 15875403
5623, 362075680, 15898236
5654, 362075680, 15929833
5685, 362075680, 15957930
5716, 362075680, 15992280
5747, 362075680, 16017447
5778, 362075680, 16031808
5809, 362075680, 16046136
5841, 362075680, 16060474
5872, 362075680, 16074790
5903, 362075680, 16105890
5934, 362075680, 16141050
5965, 362075680, 16171385
5996, 362075680, 16214519
6027, 362075680, 16250304
6058, 362075680, 16277254
6089, 362075680, 16295162
6120, 362075680, 16312232
6151, 362075680, 16326938
6182, 362075680, 16341160
6214, 362075680, 16365000
6245, 362075680, 16393495
6276, 362075680, 16418585
6307, 362075680, 16442565
6338, 362075680, 16552828
6369, 362075680, 16645447
6400, 362075680, 16684015
6431, 362075680, 16708061
6462, 362075680, 16739122
6493, 362075680, 16768581
6524, 362075680, 16804863
6556, 362075680, 16829057
6587, 362075680, 16844007
6618, 362075680, 16859128
6649, 362075680, 16874044
6680, 362075680, 16889092
6711, 362075680, 16929266
6742, 362075680, 16956206
6773, 362075680, 16995712
6804, 362075680, 17033970
6835, 362075680, 17068578
6866, 362075680, 17088540
6897, 362075680, 17108146
6929, 362075680, 17123666
6960, 362075680, 17138535
6991, 362075680, 17159729
7022, 362075680, 17187455
7053, 362075680, 17211866
7084, 362075680, 17236294
7115, 362075680, 17355133
7146, 362075680, 17446979
7177, 362075680, 17487325
7208, 362075680, 17513320
7239, 362075680, 17546549
7270, 362075680, 17577706
7301, 362075680, 17614122
7332, 362075680, 17635643
7364, 362075680, 17650614
7395, 362075680, 17664159
7426, 362075680, 17679146
7457, 362075680, 17694058
7488, 362075680, 17735876
7519, 362075680, 17762644
7550, 362075680, 17800169
7581, 362075680, 17840778
7612, 362075680, 17871748
7643, 362075680, 17895546
7674, 362075680, 17914520
7705, 362075680, 17930958
7736, 362075680, 17945636
7767, 362075680, 17968560
7798, 362075680, 17997863
7829, 362075680, 18021038
7861, 362075680, 18049309
7892, 362075680, 18185272
7923, 362075680, 18277334
7954, 362075680, 18293806
7985, 362075680, 18332125
8016, 362075680, 18362900
8047, 362075680, 18401832
8078, 362075680, 18431094
8109, 362075680, 18447159
8141, 362075680, 18463231
8172, 362075680, 18479222
8203, 362075680, 18495170
8234, 362075680, 18537988
8265, 364964060, 18578045
8296, 368065160, 18624833
8327, 371678724, 18670551
8358, 375284368, 18698033
8389, 378881816, 18722362
8420, 382469796, 18742161
8451, 386079316, 18779579
8482, 389696712, 18811771
8513, 392553140, 18900479
8544, 397048920, 19041806
8575, 401125560, 19082841
8606, 405173304, 19133615
8637, 409214304, 19184285
8669, 413216712, 19219806
8700, 417296696, 19242795
8731, 421300728, 19265356
8762, 425242308, 19308101
8793, 429012332, 19348664
8824, 432700120, 19403737
8855, 436376584, 19448909
8887, 440041684, 19476221
8918, 443691036, 19499809
8949, 447352120, 19520287
8980, 450982344, 19558869
9011, 454622032, 19591020
9042, 457351648, 19676571
9073, 462594888, 19832473
9105, 467523568, 19876408
9136, 472332080, 19933538
9167, 477205280, 19986782
9198, 482057928, 20014119
9230, 486893088, 20041358
9261, 491488604, 20096769
9292, 495817724, 20151964
9323, 499870448, 20203704
9354, 503878876, 20239530
9386, 507888996, 20266574
9417, 511893456, 20289159
9448, 515874196, 20328741
9479, 519874752, 20363904
9510, 524182752, 20496857
9542, 528407704, 20608667
9573, 533457076, 20658697
9604, 538452592, 20718496
9635, 543404240, 20763337
9667, 548380396, 20791378
9698, 553256896, 20818857
9729, 557938296, 20883276
9761, 562297588, 20949447
9792, 566398992, 20998819
9823, 570521540, 21027675
9854, 574641532, 21052730
9886, 578732408, 21082811
9917, 582804712, 21125922
9948, 586852164, 21182179
9980, 592357700, 21371897
10011, 597655364, 21423716
10042, 602949952, 21487414
10074, 606515140, 21528677
10105, 611801712, 21558430
10137, 617108016, 21588294
10168, 622157556, 21650300
10199, 626938256, 21716573
10231, 631162372, 21766731
10262, 635357100, 21798336
10294, 639595104, 21824199
10325, 643769680, 21854149
10356, 647947360, 21896599
10388, 652024500, 21930334
10419, 657159324, 22124821
10451, 662118576, 22176753
10482, 667007860, 22232792
10513, 671867520, 22290735
10545, 676821424, 22318635
10576, 681692584, 22346069
10608, 684725060, 22374545
10639, 688390468, 22419389
10671, 692697600, 22481673
10702, 696626068, 22526817
10734, 700538228, 22554167
10765, 704464152, 22579401
10797, 708365644, 22605095
10828, 712273200, 22645095
10860, 716151908, 22676262
10891, 720936456, 22846158
10923, 725742408, 22912595
10954, 730385604, 22967840
10986, 734989096, 23025059
11017, 739661496, 23060160
11049, 744326944, 23086431
11080, 748953228, 23112482
11112, 753173824, 23170650
11143, 757137612, 23226437
11175, 760854384, 23270031
11206, 764534328, 23300719
11238, 768292224, 23325353
11270, 770663680, 23338046
11301, 772590868, 23348673
11333, 776266020, 23386212
11365, 779935328, 23416678
11396, 783888532, 23525230
11428, 788466724, 23654629
11459, 792450992, 23685975
11491, 796466204, 23733651
11522, 800434076, 23786165
11554, 804426060, 23815699
11586, 808420488, 23838207
11617, 812409496, 23860684
11649, 816277976, 23906525
11680, 820020024, 23948645
11712, 823539608, 23997943
11744, 826980704, 24039399
11775, 830343104, 24062857
11807, 833714208, 24084595
11838, 837094060, 24104306
11870, 840433432, 24135685
11902, 843729844, 24166102
11933, 846972308, 24193968
11965, 849968336, 24316833
11997, 851336076, 24365911
12029, 855139144, 24423993
12060, 858844856, 24465642
12092, 862618528, 24508252
12124, 866340104, 24558204
12155, 870076156, 24579231
12187, 873825960, 24600333
12219, 877569120, 24621399
12250, 881204652, 24665207
12282, 884727384, 24704099
12314, 888144152, 24753167
12345, 891369504, 24791179
12377, 894561828, 24816385
12409, 897770492, 24839693
12440, 901030380, 24857239
12472, 904231320, 24881405
12504, 907373656, 24911379
12535, 910438884, 24939281
12567, 913744752, 25029489
12599, 917910772, 25152973
12631, 921460668, 25183231
12662, 925051428, 25228403
12694, 927143552, 25249753
12726, 927997192, 25260870
12758, 931447240, 25307159
12790, 934961644, 25327420
12822, 938520716, 25347464
12853, 942060616, 25367400
12885, 945529108, 25400945
12917, 948911972, 25439961
12949, 952160436, 25484631
12981, 955284176, 25521800
13012, 958360468, 25552202
13044, 961435528, 25573946
13076, 964514200, 25592910
13108, 967590964, 25610296
13139, 970616212, 25638604
13171, 973507108, 25664122
13203, 976290324, 25687982
13235, 979770208, 25801185
13267, 983612776, 25908129
13298, 987015632, 25931165
13330, 990480824, 25973109
13362, 993890404, 26014453
13394, 997280068, 26054344
13426, 1000681196, 26073495
13457, 1004157092, 26093067
13489, 1005548744, 26100903
13521, 1006462428, 26106048
13553, 1009745396, 26127863
13585, 1013018976, 26174064
13617, 1016222296, 26213858
13649, 1019282996, 26253084
13681, 1022306392, 26287781
13713, 1025294688, 26308235
13745, 1028285164, 26329369
13777, 1031276548, 26345284
13808, 1034255900, 26366875
13840, 1037148844, 26394452
13872, 1039876176, 26417818
13904, 1042548432, 26439159
13936, 1046765380, 26621450
13968, 1051034256, 26690337
14000, 1055026592, 26730356
14032, 1059011876, 26784192
14063, 1062979460, 26831056
14095, 1066996492, 26853738
14127, 1071009692, 26876375
14159, 1074978680, 26898763
14191, 1078753692, 26952758
14223, 1082332412, 27000280
14255, 1085819704, 27057407
14287, 1089150532, 27100349
14319, 1089517608, 27102947
14352, 1090681740, 27111609
14384, 1093927292, 27134847
14416, 1097327804, 27171686
14448, 1100592384, 27207210
14480, 1103867604, 27222627
14512, 1107109520, 27237731
14544, 1110371132, 27271393
14576, 1114695656, 27456618
14608, 1118852280, 27521285
14640, 1122799464, 27561027
14672, 1126671664, 27613575
14704, 1130579560, 27659495
14736, 1134513152, 27682894
14768, 1138431088, 27704959
14800, 1142323456, 27726880
14832, 1146032624, 27777455
14864, 1149590184, 27827584
14896, 1153042240, 27871731
14928, 1156314924, 27916991
14960, 1159604712, 27943995
14992, 1162879912, 27969581
15024, 1166152232, 28010223
15056, 1169379564, 28036056
15088, 1172596632, 28051223
15120, 1175816240, 28069923
15152, 1179120620, 28161843
15184, 1179398968, 28171010
15217, 1179994492, 28191879
15249, 1183950572, 28287787
15281, 1187702276, 28336412
15313, 1191337476, 28379753
15345, 1195014416, 28426714
15377, 1198666696, 28469276
15409, 1202331832, 28489939
15441, 1205989772, 28510561
15473, 1209634688, 28531110
15506, 1213164664, 28574941
15538, 1216539916, 28622872
15570, 1219751208, 28659129
15602, 1222878832, 28701543
15634, 1225975744, 28731089
15666, 1229129700, 28754171
15698, 1232226312, 28784923
