O       |   1   2   3   4|  0.50000   0.13376431 0.16087591| 0.50000  | 0  1  2 
   0.000|   1   2   3   4| 0.02996405 0.13376431 0.16087591|0.02996405|  0   1   2 
   1.000|   1   2   3   4| 0.01998934 0.13376431 0.16087591|0.01998934|  0   1   2 
   2.000|   1   2   3   4| 0.00999867 0.13376431 0.16087591|0.00999867|  0   1   2 
   3.000|   2   1   3   4| 0.00000000 0.13376431 0.16087591|0.13376431|  0   1   2 
   4.000|   2   1   3   4| 0.00999867 0.12443133 0.16087591|0.00999867|  0   1   2 
   5.000|   2   1   3   4| 0.01998934 0.11500500 0.16087591|0.01998934|  0   1   2 
   6.000|   2   1   3   4| 0.02996405 0.10549155 0.16087591|0.02996405|  0   1   2 
   7.000|   2   1   3   4| 0.03991488 0.09589748 0.16087591|0.03991488|  0   1   2 
   8.000|   2   1   3   4| 0.04983400 0.08622954 0.16087591|0.04983400|  0   1   2 
   9.000|   2   1   3   4| 0.05971365 0.07649468 0.16087591|0.05971365|  0   1   2 
  10.000|   2   1   3   4| 0.06954622 0.06670008 0.16087591|0.06954622|  0   1   2 
  11.000|   2   1   3   4| 0.07932425 0.05685307 0.16087591|0.07932425|  0   1   2 
  12.000|   2   1   3   4| 0.08904043 0.04696119 0.16087591|0.08904043|  0   1   2 
  13.000|   2   1   3   4| 0.09868766 0.03703207 0.16087591|0.09868766|  0   1   2 
  14.000|   2   1   3   4| 0.10825903 0.02707350 0.16087591|0.10825903|  0   1   2 
  15.000|   2   1   3   4| 0.11774787 0.01709335 0.16087591|0.11774787|  0   1   2 
  16.000|   2   1   3   4| 0.12714777 0.00709953 0.16087591|0.12714777|  0   1   2 
  17.000|   3   1   2   4| 0.13376431 0.00289996 0.15827131|0.00289996|  0   1   2 
  18.000|   3   1   2   4| 0.13376431 0.01289713 0.14921719|0.01289713|  0   1   2 
  19.000|   3   1   2   4| 0.13376431 0.02288399 0.14005435|0.02288399|  0   1   2 
  20.000|   3   1   2   4| 0.13376431 0.03285259 0.13078828|0.03285259|  0   1   2 
  21.000|   3   1   2   4| 0.13376431 0.04279503 0.12142477|0.04279503|  0   1   2 
  22.000|   3   1   2   4| 0.13376431 0.05270349 0.11196987|0.05270349|  0   1   2 
  23.000|   3   1   2   4| 0.13376431 0.06257027 0.10242990|0.06257027|  0   1   2 
  24.000|   3   1   2   4| 0.13376431 0.07238778 0.09281145|0.07238778|  0   1   2 
  25.000|   3   1   2   4| 0.13376431 0.08214862 0.08312133|0.08214862|  0   1   2 
O       |   1   2   3   4|  0.50000   0.16087591 0.15592799| 0.50000  | 1  2  3 
  26.000|   2   1   3   4| 0.09184553 0.07336656 0.15592799|0.09184553|  1   2   3 
  27.000|   2   1   3   4| 0.10147146 0.06355438 0.15592799|0.10147146|  1   2   3 
  28.000|   2   1   3   4| 0.11101957 0.05369219 0.15592799|0.11101957|  1   2   3 
  29.000|   2   1   3   4| 0.12048327 0.04378755 0.15592799|0.12048327|  1   2   3 
  30.000|   2   1   3   4| 0.12985620 0.03384816 0.15592799|0.12985620|  1   2   3 
  31.000|   2   1   3   4| 0.13913228 0.02388182 0.15592799|0.13913228|  1   2   3 
  32.000|   2   1   3   4| 0.14830569 0.01389643 0.15592799|0.14830569|  1   2   3 
  33.000|   2   1   3   4| 0.15737092 0.00389993 0.15592799|0.15737092|  1   2   3 
  34.000|   3   1   2   4| 0.16087591 0.00609969 0.15040049|0.00609969|  1   2   3 
  35.000|   3   1   2   4| 0.16087591 0.01609443 0.14125148|0.01609443|  1   2   3 
  36.000|   3   1   2   4| 0.16087591 0.02607631 0.13199852|0.02607631|  1   2   3 
  37.000|   3   1   2   4| 0.16087591 0.03603739 0.12264733|0.03603739|  1   2   3 
  38.000|   3   1   2   4| 0.16087591 0.04596980 0.11320396|0.04596980|  1   2   3 
  39.000|   3   1   2   4| 0.16087591 0.05586576 0.10367469|0.05586576|  1   2   3 
  40.000|   3   1   2   4| 0.16087591 0.06571759 0.09406606|0.06571759|  1   2   3 
  41.000|   3   1   2   4| 0.16087591 0.07551777 0.08438486|0.07551777|  1   2   3 
O       |   1   2   3   4|  0.50000   0.15592799 0.09724520| 0.50000  | 2  3  4 
  42.000|   2   1   3   4| 0.08525893 0.07463809 0.09724520|0.08525893|  2   3   4 
  43.000|   2   1   3   4| 0.09493388 0.06483296 0.09724520|0.09493388|  2   3   4 
  44.000|   2   1   3   4| 0.10453564 0.05497685 0.09724520|0.10453564|  2   3   4 
  45.000|   2   1   3   4| 0.11405745 0.04507729 0.09724520|0.11405745|  2   3   4 
  46.000|   2   1   3   4| 0.12349278 0.03514198 0.09724520|0.12349278|  2   3   4 
  47.000|   2   1   3   4| 0.13283537 0.02517870 0.09724520|0.13283537|  2   3   4 
  48.000|   2   1   3   4| 0.14207921 0.01519534 0.09724520|0.14207921|  2   3   4 
  49.000|   2   1   3   4| 0.15121859 0.00519983 0.09724520|0.15121859|  2   3   4 
  50.000|   3   1   2   4| 0.15592799 0.00479983 0.09261829|0.00479983|  2   3   4 
  51.000|   3   1   2   4| 0.15592799 0.01479566 0.08292680|0.01479566|  2   3   4 
  52.000|   3   1   2   4| 0.15592799 0.02477966 0.07317081|0.02477966|  2   3   4 
  53.000|   3   1   2   4| 0.15592799 0.03474390 0.06335756|0.03474390|  2   3   4 
  54.000|   3   1   2   4| 0.15592799 0.04468048 0.05349445|0.04468048|  2   3   4 
O       |   1   2   3   4|  0.50000   0.09724520 0.16284537| 0.50000  | 3  4  5 
  55.000|   2   1   3   4| 0.05458161 0.04358904 0.16284537|0.05458161|  3   4   5 
  56.000|   2   1   3   4| 0.06443960 0.03364903 0.16284537|0.06443960|  3   4   5 
  57.000|   2   1   3   4| 0.07424692 0.02368224 0.16284537|0.07424692|  3   4   5 
  58.000|   2   1   3   4| 0.08399616 0.01369654 0.16284537|0.08399616|  3   4   5 
  59.000|   2   1   3   4| 0.09368012 0.00369990 0.16284537|0.09368012|  3   4   5 
  60.000|   3   1   2   4| 0.09724520 0.00629970 0.15719071|0.00629970|  3   4   5 
  61.000|   3   1   2   4| 0.09724520 0.01629426 0.14812326|0.01629426|  3   4   5 
  62.000|   3   1   2   4| 0.09724520 0.02627580 0.13894774|0.02627580|  3   4   5 
  63.000|   3   1   2   4| 0.09724520 0.03623639 0.12966967|0.03623639|  3   4   5 
  64.000|   3   1   2   4| 0.09724520 0.04616814 0.12029486|0.04616814|  3   4   5 
  65.000|   3   1   2   4| 0.09724520 0.05606329 0.11082941|0.05606329|  3   4   5 
  66.000|   3   1   2   4| 0.09724520 0.06591416 0.10127968|0.06591416|  3   4   5 
  67.000|   3   1   2   4| 0.09724520 0.07571323 0.09165226|0.07571323|  3   4   5 
O       |   1   2   3   4|  0.50000   0.16284537 0.33134643| 0.50000  | 4  5  6 
  68.000|   2   1   3   4| 0.08545314 0.08195401 0.33134643|0.08545314|  4   5   6 
  69.000|   2   1   3   4| 0.09512669 0.07219197 0.33134643|0.09512669|  4   5   6 
  70.000|   2   1   3   4| 0.10472692 0.06237339 0.33134643|0.10472692|  4   5   6 
  71.000|   2   1   3   4| 0.11424706 0.05250570 0.33134643|0.11424706|  4   5   6 
  72.000|   2   1   3   4| 0.12368060 0.04259649 0.33134643|0.12368060|  4   5   6 
  73.000|   2   1   3   4| 0.13302127 0.03265345 0.33134643|0.13302127|  4   5   6 
  74.000|   2   1   3   4| 0.14226307 0.02268441 0.33134643|0.14226307|  4   5   6 
  75.000|   2   1   3   4| 0.15140031 0.01269726 0.33134643|0.15140031|  4   5   6 
  76.000|   2   1   3   4| 0.16042755 0.00269996 0.33134643|0.16042755|  4   5   6 
  77.000|   3   1   2   4| 0.16284537 0.00729949 0.32721261|0.00729949|  4   5   6 
  78.000|   3   1   2   4| 0.16284537 0.01729311 0.32142029|0.01729311|  4   5   6 
  79.000|   3   1   2   4| 0.16284537 0.02727291 0.31547711|0.02727291|  4   5   6 
  80.000|   3   1   2   4| 0.16284537 0.03723097 0.30938204|0.03723097|  4   5   6 
  81.000|   3   1   2   4| 0.16284537 0.04715941 0.30313425|0.04715941|  4   5   6 
  82.000|   3   1   2   4| 0.16284537 0.05705048 0.29673310|0.05705048|  4   5   6 
  83.000|   3   1   2   4| 0.16284537 0.06689651 0.29017819|0.06689651|  4   5   6 
  84.000|   3   1   2   4| 0.16284537 0.07668999 0.28346935|0.07668999|  4   5   6 
  85.000|   3   1   2   4| 0.16284537 0.08642358 0.27660665|0.08642358|  4   5   6 
  86.000|   3   1   2   4| 0.16284537 0.09609011 0.26959040|0.09609011|  4   5   6 
  87.000|   3   1   2   4| 0.16284537 0.10568263 0.26242121|0.10568263|  4   5   6 
  88.000|   3   1   2   4| 0.16284537 0.11519440 0.25509993|0.11519440|  4   5   6 
  89.000|   3   1   2   4| 0.16284537 0.12461893 0.24762772|0.12461893|  4   5   6 
  90.000|   3   1   2   4| 0.16284537 0.13394997 0.24000602|0.13394997|  4   5   6 
  91.000|   3   1   2   4| 0.16284537 0.14318158 0.23223658|0.14318158|  4   5   6 
  92.000|   3   1   2   4| 0.16284537 0.15230805 0.22432146|0.15230805|  4   5   6 
  93.000|   3   1   2   4| 0.16284537 0.16132401 0.21626304|0.16132401|  4   5   6 
  94.000|   3   1   2   4| 0.16284537 0.17022437 0.20806399|0.17022437|  4   5   6 
  95.000|   3   1   2   4| 0.16284537 0.17900437 0.19972734|0.17900437|  4   5   6 
  96.000|   3   1   2   4| 0.16284537 0.18765954 0.19125644|0.18765954|  4   5   6 
O       |   1   2   3   4|  0.50000   0.33134643 0.08146738| 0.50000  | 5  6  7 
  97.000|   2   1   3   4| 0.19618576 0.18265494 0.08146738|0.19618576|  5   6   7 
  98.000|   2   1   3   4| 0.20457922 0.17392685 0.08146738|0.20457922|  5   6   7 
  99.000|   2   1   3   4| 0.21283644 0.16507648 0.08146738|0.21283644|  5   6   7 
 100.000|   2   1   3   4| 0.22095427 0.15610847 0.08146738|0.22095427|  5   6   7 
 101.000|   2   1   3   4| 0.22892989 0.14702777 0.08146738|0.22892989|  5   6   7 
 102.000|   2   1   3   4| 0.23676078 0.13783965 0.08146738|0.23676078|  5   6   7 
 103.000|   2   1   3   4| 0.24444476 0.12854966 0.08146738|0.24444476|  5   6   7 
 104.000|   2   1   3   4| 0.25197994 0.11916365 0.08146738|0.25197994|  5   6   7 
 105.000|   2   1   3   4| 0.25936477 0.10968774 0.08146738|0.25936477|  5   6   7 
 106.000|   2   1   3   4| 0.26659796 0.10012833 0.08146738|0.26659796|  5   6   7 
 107.000|   2   1   3   4| 0.27367853 0.09049205 0.08146738|0.27367853|  5   6   7 
 108.000|   2   1   3   4| 0.28060578 0.08078576 0.08146738|0.28060578|  5   6   7 
 109.000|   2   1   3   4| 0.28737926 0.07101655 0.08146738|0.28737926|  5   6   7 
 110.000|   2   1   3   4| 0.29399881 0.06119168 0.08146738|0.29399881|  5   6   7 
 111.000|   2   1   3   4| 0.30046450 0.05131861 0.08146738|0.30046450|  5   6   7 
 112.000|   2   1   3   4| 0.30677664 0.04140492 0.08146738|0.30677664|  5   6   7 
 113.000|   2   1   3   4| 0.31293577 0.03145835 0.08146738|0.31293577|  5   6   7 
 114.000|   2   1   3   4| 0.31894262 0.02148672 0.08146738|0.31894262|  5   6   7 
 115.000|   2   1   3   4| 0.32479816 0.01149793 0.08146738|0.32479816|  5   6   7 
 116.000|   2   1   3   4| 0.33050352 0.00149996 0.08146738|0.33050352|  5   6   7 
 117.000|   3   1   2   4| 0.33134643 0.00849922 0.07317081|0.00849922|  5   6   7 
 118.000|   3   1   2   4| 0.33134643 0.01849160 0.06335756|0.01849160|  5   6   7 
 119.000|   3   1   2   4| 0.33134643 0.02846921 0.05349445|0.02846921|  5   6   7 
 120.000|   3   1   2   4| 0.33134643 0.03842413 0.04358904|0.03842413|  5   6   7 
O       |   1   2   3   4|  0.50000   0.08146738 0.01429618| 0.50000  | 6  7  8 
 121.000|   2   1   3   4| 0.04834850 0.03364903 0.01429618|0.04834850|  6   7   8 
 122.000|   2   1   3   4| 0.05823456 0.02368224 0.01429618|0.05823456|  6   7   8 
 123.000|   2   1   3   4| 0.06807467 0.01369654 0.01429618|0.06807467|  6   7   8 
 124.000|   2   1   3   4| 0.07786135 0.00369990 0.01429618|0.07786135|  6   7   8 
 125.000|   3   1   2   4| 0.08146738 0.00629970 0.00799937|0.00629970|  6   7   8 
O       |   1   2   3   4|  0.50000   0.01429618 0.12583738| 0.50000  | 7  8  9 
 126.000|   3   1   2   4| 0.01429618 0.00199994 0.12396223|0.00199994|  7   8   9 
 127.000|   3   1   2   4| 0.01429618 0.01199765 0.11453139|0.01199765|  7   8   9 
 128.000|   3   1   2   4| 0.01429618 0.02198576 0.10501375|0.02198576|  7   8   9 
 129.000|   3   1   2   4| 0.01429618 0.03195633 0.09541583|0.03195633|  7   8   9 
 130.000|   3   1   2   4| 0.01429618 0.04190144 0.08574438|0.04190144|  7   8   9 
 131.000|   3   1   2   4| 0.01429618 0.05181328 0.07600636|0.05181328|  7   8   9 
 132.000|   3   1   2   4| 0.01429618 0.06168412 0.06620896|0.06168412|  7   8   9 
O       |   1   2   3   4|  0.50000   0.12583738 0.22103465| 0.50000  | 8  9  10 
 133.000|   2   1   3   4| 0.07150638 0.05635953 0.22103465|0.07150638|  8   9  10 
 134.000|   2   1   3   4| 0.08127262 0.04646560 0.22103465|0.08127262|  8   9  10 
 135.000|   2   1   3   4| 0.09097557 0.03653483 0.22103465|0.09097557|  8   9  10 
 136.000|   2   1   3   4| 0.10060817 0.02657499 0.22103465|0.10060817|  8   9  10 
 137.000|   2   1   3   4| 0.11016356 0.01659396 0.22103465|0.11016356|  8   9  10 
 138.000|   2   1   3   4| 0.11963512 0.00659968 0.22103465|0.11963512|  8   9  10 
 139.000|   3   1   2   4| 0.12583738 0.00339989 0.21829094|0.00339989|  8   9  10 
 140.000|   3   1   2   4| 0.12583738 0.01339673 0.21012678|0.01339673|  8   9  10 
 141.000|   3   1   2   4| 0.12583738 0.02338287 0.20182423|0.02338287|  8   9  10 
 142.000|   3   1   2   4| 0.12583738 0.03335035 0.19338656|0.03335035|  8   9  10 
 143.000|   3   1   2   4| 0.12583738 0.04329127 0.18481735|0.04329127|  8   9  10 
 144.000|   3   1   2   4| 0.12583738 0.05319783 0.17612051|0.05319783|  8   9  10 
 145.000|   3   1   2   4| 0.12583738 0.06306233 0.16730029|0.06306233|  8   9  10 
 146.000|   3   1   2   4| 0.12583738 0.07287718 0.15836124|0.07287718|  8   9  10 
 147.000|   3   1   2   4| 0.12583738 0.08263500 0.14930823|0.08263500|  8   9  10 
 148.000|   3   1   2   4| 0.12583738 0.09232852 0.14014645|0.09232852|  8   9  10 
 149.000|   3   1   2   4| 0.12583738 0.10195072 0.13088139|0.10195072|  8   9  10 
 150.000|   3   1   2   4| 0.12583738 0.11149477 0.12151882|0.11149477|  8   9  10 
O       |   1   2   3   4|  0.50000   0.22103465 0.15863120| 0.50000  | 9  10  11 
 151.000|   2   1   3   4| 0.12095408 0.11206480 0.15863120|0.12095408|  9  10  11 
 152.000|   2   1   3   4| 0.13032231 0.10252565 0.15863120|0.13032231|  9  10  11 
 153.000|   2   1   3   4| 0.13959339 0.09290795 0.15863120|0.13959339|  9  10  11 
 154.000|   2   1   3   4| 0.14876152 0.08321851 0.15863120|0.14876152|  9  10  11 
 155.000|   2   1   3   4| 0.15782120 0.07346435 0.15863120|0.15782120|  9  10  11 
 156.000|   2   1   3   4| 0.16676723 0.06365271 0.15863120|0.16676723|  9  10  11 
 157.000|   2   1   3   4| 0.17559472 0.05379098 0.15863120|0.17559472|  9  10  11 
 158.000|   2   1   3   4| 0.18429908 0.04388673 0.15863120|0.18429908|  9  10  11 
 159.000|   2   1   3   4| 0.19287606 0.03394765 0.15863120|0.19287606|  9  10  11 
 160.000|   2   1   3   4| 0.20132173 0.02398155 0.15863120|0.20132173|  9  10  11 
 161.000|   2   1   3   4| 0.20963248 0.01399630 0.15863120|0.20963248|  9  10  11 
 162.000|   2   1   3   4| 0.21780503 0.00399987 0.15863120|0.21780503|  9  10  11 
 163.000|   3   1   2   4| 0.22103465 0.00599975 0.15321473|0.00599975|  9  10  11 
 164.000|   3   1   2   4| 0.22103465 0.01599458 0.14409907|0.01599458|  9  10  11 
 165.000|   3   1   2   4| 0.22103465 0.02597663 0.13487773|0.02597663|  9  10  11 
 166.000|   3   1   2   4| 0.22103465 0.03593796 0.12555637|0.03593796|  9  10  11 
 167.000|   3   1   2   4| 0.22103465 0.04587070 0.11614091|0.04587070|  9  10  11 
 168.000|   3   1   2   4| 0.22103465 0.05576705 0.10663758|0.05576705|  9  10  11 
 169.000|   3   1   2   4| 0.22103465 0.06561936 0.09705283|0.06561936|  9  10  11 
 170.000|   3   1   2   4| 0.22103465 0.07542010 0.08739339|0.07542010|  9  10  11 
O       |   1   2   3   4|  0.50000   0.15863120 0.10003236| 0.50000  | 10  11  12 
 171.000|   2   1   3   4| 0.08516188 0.07766619 0.10003236|0.08516188| 10  11  12 
 172.000|   2   1   3   4| 0.09483753 0.06787837 0.10003236|0.09483753| 10  11  12 
 173.000|   2   1   3   4| 0.10444006 0.05803726 0.10003236|0.10444006| 10  11  12 
 174.000|   2   1   3   4| 0.11396270 0.04815036 0.10003236|0.11396270| 10  11  12 
 175.000|   2   1   3   4| 0.12339892 0.03822531 0.10003236|0.12339892| 10  11  12 
 176.000|   2   1   3   4| 0.13274247 0.02826986 0.10003236|0.13274247| 10  11  12 
 177.000|   2   1   3   4| 0.14198732 0.01829187 0.10003236|0.14198732| 10  11  12 
 178.000|   2   1   3   4| 0.15112777 0.00829928 0.10003236|0.15112777| 10  11  12 
 179.000|   3   1   2   4| 0.15863120 0.00169995 0.09839934|0.00169995| 10  11  12 
 180.000|   3   1   2   4| 0.15863120 0.01169783 0.08874995|0.01169783| 10  11  12 
 181.000|   3   1   2   4| 0.15863120 0.02168635 0.07903180|0.02168635| 10  11  12 
 182.000|   3   1   2   4| 0.15863120 0.03165755 0.06925203|0.03165755| 10  11  12 
 183.000|   3   1   2   4| 0.15863120 0.04160355 0.05941794|0.04160355| 10  11  12 
O       |   1   2   3   4|  0.50000   0.10003236 0.10108788| 0.50000  | 11  12  13 
 184.000|   2   1   3   4| 0.05151649 0.04953699 0.10108788|0.05151649| 11  12  13 
 185.000|   2   1   3   4| 0.06138868 0.03961681 0.10108788|0.06138868| 11  12  13 
 186.000|   2   1   3   4| 0.07121250 0.02966515 0.10108788|0.07121250| 11  12  13 
 187.000|   2   1   3   4| 0.08098053 0.01968984 0.10108788|0.08098053| 11  12  13 
 188.000|   2   1   3   4| 0.09068548 0.00969881 0.10108788|0.09068548| 11  12  13 
 189.000|   3   1   2   4| 0.10003236 0.00029997 0.10080014|0.00029997| 11  12  13 
 190.000|   3   1   2   4| 0.10003236 0.01029851 0.09116901|0.01029851| 11  12  13 
 191.000|   3   1   2   4| 0.10003236 0.02028882 0.08146740|0.02028882| 11  12  13 
 192.000|   3   1   2   4| 0.10003236 0.03026293 0.07170236|0.03026293| 11  12  13 
 193.000|   3   1   2   4| 0.10003236 0.04021293 0.06188115|0.04021293| 11  12  13 
 194.000|   3   1   2   4| 0.10003236 0.05013097 0.05201120|0.05013097| 11  12  13 
O       |   1   2   3   4|  0.50000   0.10108788 0.30135740| 0.50000  | 12  13  14 
 195.000|   2   1   3   4| 0.06000932 0.04210011 0.30135740|0.06000932| 12  13  14 
 196.000|   2   1   3   4| 0.06984037 0.03215559 0.30135740|0.06984037| 12  13  14 
 197.000|   2   1   3   4| 0.07961664 0.02218545 0.30135740|0.07961664| 12  13  14 
 198.000|   2   1   3   4| 0.08933086 0.01219761 0.30135740|0.08933086| 12  13  14 
 199.000|   2   1   3   4| 0.09897591 0.00220002 0.30135740|0.09897591| 12  13  14 
 200.000|   3   1   2   4| 0.10108788 0.00779934 0.29634416|0.00779934| 12  13  14 
 201.000|   3   1   2   4| 0.10108788 0.01779245 0.28978002|0.01779245| 12  13  14 
 202.000|   3   1   2   4| 0.10108788 0.02777136 0.28306194|0.02777136| 12  13  14 
 203.000|   3   1   2   4| 0.10108788 0.03772812 0.27619001|0.03772812| 12  13  14 
 204.000|   3   1   2   4| 0.10108788 0.04765488 0.26916457|0.04765488| 12  13  14 
 205.000|   3   1   2   4| 0.10108788 0.05754387 0.26198622|0.05754387| 12  13  14 
 206.000|   3   1   2   4| 0.10108788 0.06738745 0.25465585|0.06738745| 12  13  14 
 207.000|   3   1   2   4| 0.10108788 0.07717811 0.24717463|0.07717811| 12  13  14 
 208.000|   3   1   2   4| 0.10108788 0.08690852 0.23954402|0.08690852| 12  13  14 
 209.000|   3   1   2   4| 0.10108788 0.09657151 0.23176578|0.09657151| 12  13  14 
 210.000|   3   1   2   4| 0.10108788 0.10616015 0.22384199|0.10616015| 12  13  14 
 211.000|   3   1   2   4| 0.10108788 0.11566771 0.21577505|0.11566771| 12  13  14 
 212.000|   3   1   2   4| 0.10108788 0.12508771 0.20756766|0.12508771| 12  13  14 
 213.000|   3   1   2   4| 0.10108788 0.13441393 0.19922286|0.13441393| 12  13  14 
 214.000|   3   1   2   4| 0.10108788 0.14364041 0.19074401|0.14364041| 12  13  14 
 215.000|   3   1   2   4| 0.10108788 0.15276148 0.18213480|0.15276148| 12  13  14 
 216.000|   3   1   2   4| 0.10108788 0.16177178 0.17339925|0.16177178| 12  13  14 
O       |   1   2   3   4|  0.50000   0.30135740 0.17419047| 0.50000  | 13  14  15 
 217.000|   2   1   3   4| 0.17066624 0.16454169 0.17419047|0.17066624| 13  14  15 
 218.000|   2   1   3   4| 0.17944009 0.15556677 0.17419047|0.17944009| 13  14  15 
 219.000|   2   1   3   4| 0.18808891 0.14647948 0.17419047|0.18808891| 13  14  15 
 220.000|   2   1   3   4| 0.19660858 0.13728508 0.17419047|0.19660858| 13  14  15 
 221.000|   2   1   3   4| 0.20499531 0.12798916 0.17419047|0.20499531| 13  14  15 
 222.000|   2   1   3   4| 0.21324563 0.11859758 0.17419047|0.21324563| 13  14  15 
 223.000|   2   1   3   4| 0.22135642 0.10911648 0.17419047|0.22135642| 13  14  15 
 224.000|   2   1   3   4| 0.22932486 0.09955227 0.17419047|0.22932486| 13  14  15 
 225.000|   2   1   3   4| 0.23714845 0.08991159 0.17419047|0.23714845| 13  14  15 
 226.000|   2   1   3   4| 0.24482503 0.08020133 0.17419047|0.24482503| 13  14  15 
 227.000|   2   1   3   4| 0.25235274 0.07042857 0.17419047|0.25235274| 13  14  15 
 228.000|   2   1   3   4| 0.25973001 0.06060060 0.17419047|0.25973001| 13  14  15 
 229.000|   2   1   3   4| 0.26695559 0.05072488 0.17419047|0.26695559| 13  14  15 
 230.000|   2   1   3   4| 0.27402851 0.04080900 0.17419047|0.27402851| 13  14  15 
 231.000|   2   1   3   4| 0.28094808 0.03086070 0.17419047|0.28094808| 13  14  15 
 232.000|   2   1   3   4| 0.28771387 0.02088782 0.17419047|0.28771387| 13  14  15 
 233.000|   2   1   3   4| 0.29432572 0.01089825 0.17419047|0.29432572| 13  14  15 
 234.000|   2   1   3   4| 0.30078373 0.00089998 0.17419047|0.30078373| 13  14  15 
 235.000|   3   1   2   4| 0.30135740 0.00909902 0.16614479|0.00909902| 13  14  15 
 236.000|   3   1   2   4| 0.30135740 0.01909073 0.15719064|0.01909073| 13  14  15 
 237.000|   3   1   2   4| 0.30135740 0.02906721 0.14812319|0.02906721| 13  14  15 
 238.000|   3   1   2   4| 0.30135740 0.03902051 0.13894767|0.03902051| 13  14  15 
 239.000|   3   1   2   4| 0.30135740 0.04894280 0.12966960|0.04894280| 13  14  15 
 240.000|   3   1   2   4| 0.30135740 0.05882632 0.12029479|0.05882632| 13  14  15 
 241.000|   3   1   2   4| 0.30135740 0.06866344 0.11082934|0.06866344| 13  14  15 
 242.000|   3   1   2   4| 0.30135740 0.07844667 0.10127960|0.07844667| 13  14  15 
 243.000|   3   1   2   4| 0.30135740 0.08816872 0.09165219|0.08816872| 13  14  15 
 244.000|   3   1   2   4| 0.30135740 0.09782243 0.08195393|0.09782243| 13  14  15 
 245.000|   3   1   2   4| 0.30135740 0.10740091 0.07219189|0.10740091| 13  14  15 
 246.000|   3   1   2   4| 0.30135740 0.11689745 0.06237331|0.11689745| 13  14  15 
 247.000|   3   1   2   4| 0.30135740 0.12630560 0.05250562|0.12630560| 13  14  15 
 248.000|   3   1   2   4| 0.30135740 0.13561918 0.04259641|0.13561918| 13  14  15 
 249.000|   3   1   2   4| 0.30135740 0.14483227 0.03265337|0.14483227| 13  14  15 
 250.000|   3   1   2   4| 0.30135740 0.15393924 0.02268433|0.15393924| 13  14  15 
 251.000|   3   1   2   4| 0.30135740 0.16293476 0.01269718|0.16293476| 13  14  15 
 252.000|   3   1   2   4| 0.30135740 0.17181380 0.00269988|0.17181380| 13  14  15 
 253.000|   4   1   2   3| 0.30135740 0.17419047 0.00729957|0.00729957| 13  14  15 
 254.000|   4   1   2   3| 0.30135740 0.17419047 0.01729319|0.01729319| 13  14  15 
 255.000|   4   1   2   3| 0.30135740 0.17419047 0.02727299|0.02727299| 13  14  15 
EOF
