54 1 2 3 1 2  1 6 6 6 11 13 3 3 0 0 3 3 
54 2 36 37 1 1  1 8 0 0 10 11 3 4 0 0 3 3 
54 3 0 0 2 1  0 0 6 6 10 13 2 3 0 0 3 3 
54 12 24 25 2 1  3 6 6 6 10 10 2 3 0 0 3 3 
54 14 24 25 2 1  3 6 6 6 8 11 3 5 0 0 3 3 
54 16 24 25 1 1  3 6 6 6 10 11 3 5 0 0 3 3 
54 17 24 25 2 2  3 6 6 6 8 11 5 7 0 0 3 3 
54 21 28 27 1 2  1 8 6 7 13 15 2 4 0 0 3 3 
54 24 0 0 1 1  3 3 6 6 10 11 2 5 0 0 3 3 
54 25 33 32 2 1  6 7 6 6 8 10 3 7 0 0 3 3 
54 26 33 32 1 2  6 8 6 6 10 11 3 5 0 0 3 3 
54 27 0 0 2 1  1 8 6 6 11 15 0 0 0 0 0 0 
54 28 34 35 1 1  6 8 6 7 10 13 3 4 0 0 3 3 
54 31 38 39 1 1  3 8 6 6 9 10 2 7 0 0 3 3 
54 32 38 39 2 1  7 8 6 6 10 11 3 5 0 0 3 3 
54 33 41 40 1 1  0 0 0 0 0 0 0 0 0 0 0 0 
54 34 41 40 1 1  0 0 0 0 0 0 0 0 0 0 0 0 
54 35 0 0 2 1  0 0 0 0 0 0 0 0 0 0 0 0 
54 36 42 43 1 1  0 0 0 0 0 0 0 0 0 0 0 0 
54 37 0 0 2 1  0 0 0 0 0 0 0 0 0 0 0 0 
54 38 0 0 1 1  0 0 0 0 0 0 0 0 0 0 0 0 
54 39 0 0 2 1  0 0 0 0 0 0 0 0 0 0 0 0 
54 40 46 47 2 1  0 0 0 0 0 0 0 0 0 0 0 0 
54 41 44 45 1 1  0 0 0 0 0 0 0 0 0 0 0 0 
54 42 44 45 1 1  0 0 0 0 0 0 0 0 0 0 0 0 
54 43 0 0 2 1  0 0 0 0 0 0 0 0 0 0 0 0 
54 44 0 0 1 1  0 0 0 0 0 0 0 0 0 0 0 0 
54 45 0 0 2 1  0 0 0 0 0 0 0 0 0 0 0 0 
54 46 0 0 1 1  0 0 0 0 0 0 0 0 0 0 0 0 
54 47 0 0 2 1  0 0 0 0 0 0 0 0 0 0 0 0 
54 48 46 47 1 1  0 0 0 0 0 0 0 0 0 0 0 0 
54 49 0 0 2 1  0 0 0 0 0 0 0 0 0 0 0 0 
54 50 48 49 1 1  0 0 0 0 0 0 0 0 0 0 0 0 
54 51 0 0 2 1  0 0 0 0 0 0 0 0 0 0 0 0 
54 52 50 51 1 1  3 6 2 3 9 9 2 4 0 0 3 9 
54 53 0 0 2 1  1 3 7 7 10 11 2 3 0 0 3 3 
54 54 52 53 2 2  3 6 3 7 9 11 3 4 0 0 3 3 
