# Version V2.4.3 edit 3967M
Chr Position Physical PPL BayesRatio MarkerList(0,1)
5 58.000000 37609534 0.015 7.103969e-01 (8,9)
5 60.000000 39486949 0.015 7.053736e-01 (8,9)
5 62.000000 41717550 0.012 4.957991e-01 (9,10)
5 64.000000 45599996 0.011 4.402390e-01 (9,10)
5 66.000000 49482442 0.010 4.087747e-01 (9,10)
5 68.000000 53364888 0.010 4.009857e-01 (9,10)
5 70.000000 57247334 0.010 4.121105e-01 (9,10)
5 72.000000 59710570 0.011 4.556894e-01 (10,11)
5 74.000000 61328077 0.011 4.886940e-01 (10,11)
5 76.000000 62945584 0.012 5.166397e-01 (10,11)
5 78.000000 64563092 0.012 5.421736e-01 (10,11)
5 80.000000 66180599 0.013 5.684774e-01 (10,11)
5 82.000000 67798106 0.013 5.985908e-01 (10,11)
5 84.000000 69415614 0.014 6.349535e-01 (10,11)
5 86.000000 71033121 0.015 6.790283e-01 (10,11)
5 88.000000 72650629 0.016 7.308714e-01 (10,11)
5 90.000000 74268136 0.017 7.886220e-01 (10,11)
5 92.000000 75885643 0.018 8.479943e-01 (10,11)
5 94.000000 77503151 0.019 9.019533e-01 (10,11)
5 96.000000 79120658 0.019 9.409608e-01 (10,11)
5 98.000000 80738165 0.020 9.544568e-01 (10,11)
5 100.000000 82625706 0.019 9.379064e-01 (11,12)
5 102.000000 85481331 0.019 9.125546e-01 (11,12)
5 104.000000 88336956 0.020 9.687315e-01 (11,12)
5 106.000000 91285987 0.021 1.028995e+00 (12,13)
5 108.000000 94273263 0.021 1.062020e+00 (12,13)
5 110.000000 97260539 0.021 1.027738e+00 (12,13)
5 112.000000 100822087 0.020 9.658984e-01 (13,14)
5 114.000000 104635654 0.016 7.555555e-01 (13,14)
5 116.000000 108166387 0.016 7.751205e-01 (14,15)
5 118.000000 110454110 0.016 7.743588e-01 (15,16)
5 120.000000 112701085 0.015 7.137118e-01 (15,16)
5 122.000000 114948061 0.014 6.623949e-01 (15,16)
5 124.000000 117195036 0.014 6.264737e-01 (15,16)
5 126.000000 119442844 0.013 5.855629e-01 (16,17)
5 128.000000 121695318 0.013 6.017687e-01 (16,17)
5 130.000000 123947793 0.014 6.105300e-01 (16,17)
5 132.000000 126200267 0.014 6.233514e-01 (16,17)
5 134.000000 128452741 0.014 6.464063e-01 (16,17)
5 136.000000 130705215 0.015 6.799057e-01 (16,17)
5 138.000000 132957689 0.015 7.164898e-01 (16,17)
5 140.000000 135210163 0.016 7.389229e-01 (16,17)
5 142.000000 137187680 0.017 7.849038e-01 (17,18)
5 144.000000 139153591 0.017 8.054558e-01 (17,18)
5 146.000000 141119501 0.017 8.197176e-01 (17,18)
5 148.000000 143085412 0.017 8.362052e-01 (17,18)
5 150.000000 145051323 0.018 8.602182e-01 (17,18)
5 152.000000 147017234 0.018 8.934239e-01 (17,18)
5 154.000000 148983145 0.019 9.339014e-01 (17,18)
5 156.000000 150949055 0.020 9.760308e-01 (17,18)
5 158.000000 152914966 0.020 1.010152e+00 (17,18)
5 160.000000 154880877 0.021 1.022861e+00 (17,18)
5 162.000000 156673355 0.015 6.810003e-01 (18,19)
5 164.000000 158168621 0.015 7.020642e-01 (18,19)
5 166.000000 159663887 0.015 7.096240e-01 (18,19)
5 168.000000 161159153 0.015 7.136805e-01 (18,19)
5 170.000000 162654419 0.015 7.184996e-01 (18,19)
5 172.000000 164149685 0.015 7.219626e-01 (18,19)
5 174.000000 165644951 0.015 7.154048e-01 (18,19)
5 176.000000 167028015 0.014 6.482743e-01 (19,20)
5 178.000000 167887575 0.014 6.291933e-01 (19,20)
5 180.000000 168747135 0.014 6.125824e-01 (19,20)
5 182.000000 169588123 0.022 1.108343e+00 (20,21)
5 184.000000 170419881 0.021 1.066224e+00 (20,21)
5 186.000000 171251640 0.021 1.047240e+00 (20,21)
5 188.000000 172083398 0.021 1.061325e+00 (20,21)
5 190.000000 172915156 0.022 1.100650e+00 (20,21)
5 192.000000 173970901 0.03 1.283764e+00 (21,22)
5 194.000000 175176282 0.03 1.498681e+00 (21,22)
5 196.000000 176381663 0.03 1.743098e+00 (21,22)
5 198.000000 177587044 0.04 2.012170e+00 (21,22)
5 200.000000 178792426 0.04 2.249914e+00 (21,22)
5 202.000000 179997807 0.04 2.397584e+00 (21,22)
