# Version V2.4.3 edit 3967M
Chr Position Physical MOD Alpha DGF LC1PV(DD,Dd,dd)
5 130.000000 123947793 0.197905 0.046910 0.022046 (0.022,0.000,0.000)
5 132.000000 126200267 0.170628 0.046910 0.022046 (0.022,0.000,0.000)
5 134.000000 128452741 0.147230 0.046910 0.022046 (0.022,0.000,0.000)
5 136.000000 130705215 0.131541 0.046910 0.022046 (0.500,0.011,0.011)
5 138.000000 132957689 0.143215 0.046910 0.022046 (0.500,0.011,0.011)
5 140.000000 135210163 0.157061 0.046910 0.022046 (0.500,0.011,0.011)
5 142.000000 137187680 0.241150 0.046910 0.022046 (0.500,0.011,0.011)
5 144.000000 139153591 0.333015 0.230765 0.022046 (0.500,0.011,0.011)
5 146.000000 141119501 0.411928 0.230765 0.022046 (0.500,0.011,0.011)
5 148.000000 143085412 0.459245 0.230765 0.022046 (0.500,0.011,0.011)
5 150.000000 145051323 0.476842 0.230765 0.022046 (0.500,0.011,0.011)
5 152.000000 147017234 0.464267 0.230765 0.022046 (0.500,0.011,0.011)
5 154.000000 148983145 0.446659 0.953090 0.022046 (0.500,0.250,0.074)
5 156.000000 150949055 0.511684 0.953090 0.022046 (0.500,0.250,0.074)
5 158.000000 152914966 0.570858 0.953090 0.022046 (0.500,0.250,0.074)
5 160.000000 154880877 0.610594 0.953090 0.022046 (0.500,0.250,0.074)
5 162.000000 156673355 0.197264 0.769235 0.022046 (0.500,0.250,0.074)
5 164.000000 158168621 0.197816 0.769235 0.022046 (0.500,0.250,0.074)
5 166.000000 159663887 0.186354 0.769235 0.022046 (0.500,0.250,0.074)
5 168.000000 161159153 0.176398 0.046910 0.022046 (0.500,0.489,0.011)
5 170.000000 162654419 0.169527 0.500000 0.022046 (0.500,0.250,0.074)
5 172.000000 164149685 0.163146 0.500000 0.022046 (0.500,0.250,0.074)
5 174.000000 165644951 0.152159 0.500000 0.022046 (0.500,0.250,0.074)
5 176.000000 167028015 0.178019 0.046910 0.500000 (0.978,0.956,0.021)
5 178.000000 167887575 0.153739 0.046910 0.500000 (0.978,0.956,0.021)
5 180.000000 168747135 0.123657 0.230765 0.500000 (0.500,0.489,0.011)
5 182.000000 169588123 0.541578 0.500000 0.500000 (0.500,0.489,0.011)
5 184.000000 170419881 0.557838 0.230765 0.022046 (0.500,0.011,0.011)
5 186.000000 171251640 0.648968 0.230765 0.022046 (0.500,0.011,0.011)
5 188.000000 172083398 0.702118 0.230765 0.022046 (0.500,0.011,0.011)
5 190.000000 172915156 0.707515 0.230765 0.022046 (0.500,0.011,0.011)
5 192.000000 173970901 1.035179 0.230765 0.022046 (0.500,0.011,0.011)
5 194.000000 175176282 1.032577 0.230765 0.022046 (0.500,0.011,0.011)
5 196.000000 176381663 1.005398 0.230765 0.022046 (0.500,0.011,0.011)
5 198.000000 177587044 0.982264 0.500000 0.156962 (0.843,0.132,0.112)
5 200.000000 178792426 1.000508 0.500000 0.156962 (0.843,0.132,0.112)
5 202.000000 179997807 1.032963 0.500000 0.156962 (0.422,0.066,0.056)
