# Version V2.4.3 edit 3967M
Chr Position Physical PPL BayesRatio MarkerList(0,1)
5 174.000000 165644951 0.015 7.154048e-01 (18,19)
5 176.000000 167028015 0.014 6.482743e-01 (19,20)
5 178.000000 167887575 0.014 6.291933e-01 (19,20)
5 180.000000 168747135 0.014 6.125824e-01 (19,20)
5 182.000000 169588123 0.022 1.108343e+00 (20,21)
5 184.000000 170419881 0.021 1.066224e+00 (20,21)
5 186.000000 171251640 0.021 1.047240e+00 (20,21)
5 188.000000 172083398 0.021 1.061325e+00 (20,21)
5 190.000000 172915156 0.022 1.100650e+00 (20,21)
5 192.000000 173970901 0.03 1.283764e+00 (21,22)
5 194.000000 175176282 0.03 1.498681e+00 (21,22)
5 196.000000 176381663 0.03 1.743098e+00 (21,22)
5 198.000000 177587044 0.04 2.012170e+00 (21,22)
5 200.000000 178792426 0.04 2.249914e+00 (21,22)
5 202.000000 179997807 0.04 2.397584e+00 (21,22)
