# Version V2.4.3 edit 3967M
Chr Position Physical PPL BayesRatio MarkerList(0,1)
5 138.000000 132957689 0.015 7.164898e-01 (16,17)
5 140.000000 135210163 0.016 7.389229e-01 (16,17)
5 142.000000 137187680 0.017 7.849038e-01 (17,18)
5 144.000000 139153591 0.017 8.054558e-01 (17,18)
5 146.000000 141119501 0.017 8.197176e-01 (17,18)
5 148.000000 143085412 0.017 8.362052e-01 (17,18)
5 150.000000 145051323 0.018 8.602182e-01 (17,18)
5 152.000000 147017234 0.018 8.934239e-01 (17,18)
5 154.000000 148983145 0.019 9.339014e-01 (17,18)
5 156.000000 150949055 0.020 9.760308e-01 (17,18)
5 158.000000 152914966 0.020 1.010152e+00 (17,18)
5 160.000000 154880877 0.021 1.022861e+00 (17,18)
5 162.000000 156673355 0.015 6.810003e-01 (18,19)
5 164.000000 158168621 0.015 7.020642e-01 (18,19)
5 166.000000 159663887 0.015 7.096240e-01 (18,19)
5 168.000000 161159153 0.015 7.136805e-01 (18,19)
5 170.000000 162654419 0.015 7.184996e-01 (18,19)
5 172.000000 164149685 0.015 7.219626e-01 (18,19)
5 174.000000 165644951 0.015 7.154048e-01 (18,19)
5 176.000000 167028015 0.014 6.482743e-01 (19,20)
5 178.000000 167887575 0.014 6.291933e-01 (19,20)
5 180.000000 168747135 0.014 6.125824e-01 (19,20)
5 182.000000 169588123 0.022 1.108343e+00 (20,21)
5 184.000000 170419881 0.021 1.066224e+00 (20,21)
5 186.000000 171251640 0.021 1.047240e+00 (20,21)
5 188.000000 172083398 0.021 1.061325e+00 (20,21)
5 190.000000 172915156 0.022 1.100650e+00 (20,21)
5 192.000000 173970901 0.03 1.283764e+00 (21,22)
5 194.000000 175176282 0.03 1.498681e+00 (21,22)
5 196.000000 176381663 0.03 1.743098e+00 (21,22)
5 198.000000 177587044 0.04 2.012170e+00 (21,22)
5 200.000000 178792426 0.04 2.249914e+00 (21,22)
5 202.000000 179997807 0.04 2.397584e+00 (21,22)
