M D21S1432
F 0.0958 0.0234 0.3047 0.0022 0.0004 0.2951 0.0011 0.2083 0.0022 0.0620 0.0011 0.0030 0.0007 0.0001
M D21S1437
F 0.0011 0.0904 0.0924 0.0062 0.1165 0.5076 0.1636 0.0204 0.0011 0.0004 0.0004
M D21S2052
F 0.0015 0.0048 0.0066 0.0170 0.0011 0.0372 0.0011 0.1518 0.1563 0.1914 0.2356 0.0844 0.0517 0.0371 0.0175 0.0033 0.0011 0.0004
M D21S1440
F 0.0004 0.3582 0.1809 0.4314 0.0159 0.0111 0.0018 0.0001 0.0001
M D21S266
F 0.1031 0.1171 0.2130 0.0008 0.0322 0.0238 0.0498 0.0902 0.1247 0.2001 0.0272 0.0181 0.0001
M D21S1446
F 0.0007 0.0066 0.6153 0.1193 0.0015 0.0412 0.0195 0.0026 0.1771 0.0159 0.0004
